false,true
107
107,505
1,1.01568194742352
2,1.53825272863214
3,1.70261131602949
4,1.81132692363752
5,1.83232004684032
6,2.26936152706977
7,2.44338429939487
8,2.48373306827865
9,2.56087774775695
10,2.62197030734572
11,2.65207472074107
12,3.0231781599772
13,3.08694212180652
14,3.21974651760593
15,3.40326148115188
16,3.42853924733517
17,3.51766004275482
18,3.56681240995334
19,3.56799308058529
20,3.59380249144721
21,3.6277833563294
22,3.67552893177824
23,3.68410714409588
24,3.73331866483055
25,3.74049158887523
26,3.74243907685336
27,3.74326862651389
28,3.78721866330886
29,3.79577248974666
30,3.83055318773702
31,3.84175699839535
32,3.85260850003362
33,3.86676071993107
34,3.88141862831762
35,3.89834658451803
36,3.90354514894271
37,3.90685978670172
38,3.9118442983086
39,3.91902308767305
40,3.92682933931792
41,3.96871630993509
42,3.97097739417654
43,3.97816333856153
44,4.00325645276429
45,4.00806592114444
46,4.01846648541733
47,4.03600566412905
48,4.04789348382961
49,4.08241392733833
50,4.10857974187965
51,4.11193562746526
52,4.13880576568074
53,4.1525120406156
54,4.15422723804796
55,4.15627799642247
56,4.15781682715824
57,4.16207460628418
58,4.16227312087947
59,4.17534847623228
60,4.20479320648031
61,4.20918385958113
62,4.22463240018793
63,4.23218687490935
64,4.25721153111826
65,4.27452567666274
66,4.29979053294288
67,4.30965813551773
68,4.32258249550267
69,4.32397806779977
70,4.34009819233092
71,4.34862175831401
72,4.3694409327606
73,4.371370791046
74,4.38037477182941
75,4.41045224746729
76,4.4528133571972
77,4.46689812127885
78,4.46927460065291
79,4.47010917843572
80,4.47333114832286
81,4.47861150369493
82,4.47986555334803
83,4.48969363882862
84,4.49045639345402
85,4.4937147822546
86,4.5215416122731
87,4.53794363672606
88,4.5836220391565
89,4.60094340401343
90,4.60185234365929
91,4.63416345500463
92,4.63936706513595
93,4.64158923591023
94,4.6477383790452
95,4.64823610178872
96,4.6599306742931
97,4.66575993678396
98,4.67586818741767
99,4.67773555574663
100,4.680012962376
101,4.68143868914038
102,4.68290696504337
103,4.69502690316397
104,4.70695679516696
105,4.72289803732107
106,4.72376679982026
107,4.73557735031626
1,2,1.53825272863214
1,3,1.70261131602949
1,4,1.81132692363752
1,5,1.83232004684032
1,6,2.26936152706977
1,7,2.44338429939487
1,8,3.42457837192352
1,9,3.44331140892352
1,10,2.62197030734572
1,11,2.72091619192352
1,12,3.0231781599772
1,14,4.29308481692352
1,20,3.59380249144721
1,52,4.22568168792352
2,4,1.81132692363752
2,5,1.83232004684032
2,6,2.26936152706977
2,8,2.48373306827865
2,9,2.56087774775695
2,12,3.0231781599772
2,13,3.08694212180652
2,37,4.69555942313214
3,4,2.77035219552949
3,5,3.13348742752949
3,7,2.44338429939487
3,10,2.62197030734572
3,11,2.72104845152949
3,14,3.21974651760593
3,20,4.12652745052949
3,52,4.22568168752949
4,6,2.88091003713752
4,8,2.48373306827865
4,10,2.62197030734572
4,11,4.26732862613752
4,12,3.0231781599772
4,20,3.63355500513752
4,72,4.72423730413752
5,6,2.43083330234032
5,7,2.44338429939487
5,9,2.56087774775695
5,11,4.43123879334032
5,37,3.90685978670172
6,7,3.52324975056977
6,9,2.83431106956977
6,11,3.16958271756977
6,12,3.0231781599772
6,20,3.59380249144721
6,52,4.52700970656977
7,11,2.99386188089487
7,14,3.21974651760593
7,52,4.26217885589487
8,12,3.08898756577866
8,13,3.08694212180652
8,72,4.72367379477866
9,13,3.43186521025695
9,37,3.90685978670172
9,71,4.34862175831401
10,11,4.01751637984572
10,20,4.19069276184572
11,20,3.69294782624107
11,52,4.22568168724107
12,13,4.3423664984772
12,20,3.6538070184772
13,71,4.34862175831401
15,16,3.42853924733517
15,17,3.51766004275482
15,18,3.56681240995334
15,23,3.68410714409588
15,24,3.73331866483055
15,25,3.74049158887523
15,27,3.98660414865188
15,29,3.79577248974666
15,30,3.83055318773702
15,31,3.84175699839535
15,33,3.86676071993107
15,38,3.9118442983086
15,62,4.22463240018793
16,18,3.56681240995334
16,19,3.56799308058529
16,21,3.6277833563294
16,23,3.68410714409588
16,24,3.73331866483055
16,26,3.74243907685336
16,27,3.74326862651389
16,30,3.83055318773702
16,34,3.88141862831762
16,38,3.9118442983086
16,40,3.92682933931792
16,42,3.97097739417654
16,44,4.00325645276429
16,45,4.00806592114444
16,51,4.11193562746526
16,56,4.15781682715824
17,18,3.56681240995334
17,24,4.13511891325482
17,25,3.74049158887523
17,29,3.79577248974666
17,31,3.84175699839535
17,32,3.85260850003362
17,33,3.86676071993107
17,36,3.90354514894271
17,38,3.9118442983086
17,39,3.91902308767305
17,48,4.04789348382961
17,53,4.1525120406156
17,60,4.20479320648031
17,62,4.22463240018793
18,24,4.12254697845334
18,25,3.74049158887523
18,26,3.74243907685336
18,29,3.79577248974666
18,30,3.83055318773702
18,36,3.90354514894271
18,38,3.9118442983086
18,44,4.00325645276429
18,50,4.10857974187965
18,64,4.25721153111826
18,85,4.60041251045334
19,21,3.6277833563294
19,22,3.67552893177824
19,27,3.74326862651389
19,34,3.88141862831762
19,35,3.89834658451803
19,40,3.92682933931792
19,42,3.97097739417654
19,43,3.97816333856153
19,45,4.00806592114444
19,46,4.01846648541733
19,54,4.15422723804796
19,56,4.15781682715824
19,59,4.17534847623228
20,52,4.47203733294721
21,22,3.67552893177824
21,26,3.74243907685336
21,35,3.89834658451803
21,38,3.9118442983086
21,40,3.92682933931792
21,43,3.97816333856153
21,44,4.00325645276429
21,45,4.00806592114444
21,49,4.08241392733833
21,51,4.11193562746526
21,64,4.25721153111826
21,74,4.6992117718294
21,92,4.63936706513595
21,95,4.64823610178872
21,104,4.70695679516696
22,28,3.78721866330886
22,34,3.88141862831762
22,35,3.89834658451803
22,40,3.92682933931792
22,43,3.97816333856153
22,46,4.01846648541733
22,47,4.03600566412905
22,54,4.15422723804796
22,59,4.17534847623228
22,61,4.20918385958113
22,63,4.23218687490935
22,69,4.32397806779977
22,80,4.47333114832286
22,87,4.53794363672606
23,24,3.73331866483055
23,25,3.74049158887523
23,27,3.74326862651389
23,30,3.83055318773702
23,31,3.90206884759588
23,33,3.86676071993107
23,42,3.97097739417654
23,78,4.46927460065291
24,27,3.74326862651389
24,31,3.84175699839535
24,33,3.86676071993107
24,38,3.9118442983086
24,40,3.92682933931792
24,51,4.11193562746526
24,56,4.15781682715824
24,62,4.22463240018793
24,90,4.60185234365929
24,102,4.68290696504337
25,29,3.79577248974666
25,30,3.83055318773702
25,31,4.54772229437522
25,32,3.85260850003362
25,33,3.86676071993107
25,48,4.04789348382961
25,78,4.46927460065291
25,96,4.6599306742931
26,35,4.28927518135336
26,38,3.9118442983086
26,44,4.00325645276429
26,45,4.00806592114444
26,49,4.08241392733833
26,50,4.10857974187965
26,51,4.11193562746526
26,64,4.25721153111826
26,74,4.38037477182941
26,92,4.63936706513595
26,104,4.70695679516696
27,34,3.88141862831762
27,40,3.92682933931792
27,42,3.97097739417654
27,56,4.15781682715824
27,59,4.17534847623228
28,35,3.89834658451803
28,41,3.96871630993509
28,43,3.97816333856153
28,46,4.01846648541733
28,47,4.03600566412905
28,57,4.16207460628418
28,61,4.20918385958113
28,63,4.23218687490935
28,65,4.27452567666274
28,67,4.30965813551773
28,69,4.32397806779977
28,73,4.371370791046
28,80,4.47333114832286
28,89,4.60094340401343
28,106,4.72376679982026
29,30,3.83055318773702
29,32,3.85260850003362
29,36,3.90354514894271
29,39,3.91902308767305
29,44,4.00325645276429
29,50,4.10857974187965
29,53,4.1525120406156
29,66,4.29979053294288
29,84,4.49045639345402
29,85,4.4937147822546
29,96,4.6599306742931
30,42,3.97097739417654
30,44,4.00325645276429
30,45,4.00806592114444
30,78,4.46927460065291
30,96,4.6599306742931
31,33,3.86676071993107
31,38,3.9118442983086
31,48,4.04789348382961
31,60,4.20479320648031
31,62,4.22463240018793
31,90,4.73447899889535
32,39,3.91902308767305
32,48,4.04789348382961
32,53,4.1525120406156
32,66,4.29979053294288
32,88,4.5836220391565
32,96,4.6599306742931
33,48,4.04789348382961
33,78,4.46927460065291
34,40,3.92682933931792
34,46,4.01846648541733
34,56,4.15781682715824
34,59,4.17534847623228
34,61,4.20918385958113
34,87,4.53794363672606
35,40,4.52705199501803
35,43,3.97816333856153
35,44,4.21875568201803
35,45,4.00806592114444
35,47,4.03600566412905
35,49,4.08241392733833
35,54,4.15422723804796
35,63,4.23218687490935
35,69,4.32397806779977
35,104,4.70695679516696
36,38,3.9118442983086
36,39,3.91902308767305
36,50,4.10857974187965
36,53,4.1525120406156
36,62,4.22463240018793
36,64,4.25721153111826
36,84,4.49045639345402
36,94,4.6477383790452
38,51,4.11193562746526
38,62,4.22463240018793
38,64,4.25721153111826
38,90,4.60185234365929
39,48,4.04789348382961
39,53,4.1525120406156
39,60,4.20479320648031
39,62,4.22463240018793
39,66,4.29979053294288
39,88,4.5836220391565
39,94,4.6477383790452
39,97,4.66575993678396
40,43,3.97816333856153
40,51,4.11193562746526
40,56,4.15781682715824
40,61,4.20918385958113
40,80,4.47333114832286
40,87,4.53794363672606
40,90,4.60185234365929
40,95,4.64823610178872
40,102,4.68290696504337
41,46,4.01846648541733
41,47,4.03600566412905
41,55,4.15627799642247
41,57,4.16207460628418
41,61,4.29434923243509
41,63,4.23218687490935
41,65,4.27452567666274
41,67,4.30965813551773
41,68,4.32258249550267
41,73,4.371370791046
41,76,4.4528133571972
41,81,4.56053048543509
41,82,4.47986555334803
41,89,4.60094340401343
41,91,4.63416345500463
41,106,4.72376679982026
42,45,4.00806592114444
42,54,4.15422723804796
42,59,4.17534847623228
43,47,4.03600566412905
43,49,4.08241392733833
43,51,4.11193562746526
43,61,4.20918385958113
43,69,4.32397806779977
43,75,4.41045224746729
43,80,4.47333114832286
43,92,4.63936706513595
43,95,4.64823610178872
43,103,4.69502690316397
44,45,4.00806592114444
44,49,4.19160535426428
44,50,4.10857974187965
44,85,4.4937147822546
44,96,4.6599306742931
44,104,4.70695679516696
45,49,4.17944499564444
45,54,4.15422723804796
45,104,4.70695679516696
46,54,4.42273774091733
46,59,4.17534847623228
46,61,4.20918385958113
46,63,4.23218687490935
46,67,4.30965813551773
46,76,4.4528133571972
46,87,4.53794363672606
46,89,4.60094340401343
47,49,4.08241392733833
47,57,4.16207460628418
47,63,4.30793624012905
47,65,4.27452567666274
47,68,4.32258249550267
47,69,4.32397806779977
47,75,4.41045224746729
47,80,4.47333114832286
47,86,4.5215416122731
48,60,4.20479320648031
48,88,4.5836220391565
49,51,4.11193562746526
49,64,4.40083761183833
49,69,4.32397806779977
49,74,4.38037477182941
49,75,4.41045224746729
49,92,4.63936706513595
49,95,4.64823610178872
49,103,4.69502690316397
49,104,4.70695679516696
50,53,4.1525120406156
50,64,4.25721153111826
50,74,4.38037477182941
50,84,4.49045639345402
50,85,4.4937147822546
50,104,4.70695679516696
51,56,4.38504613046526
51,64,4.25721153111826
51,90,4.60185234365929
51,92,4.63936706513595
51,95,4.64823610178872
51,102,4.68290696504337
53,66,4.29979053294288
53,84,4.49045639345402
53,85,4.4937147822546
53,94,4.6477383790452
54,59,4.17534847623228
54,63,4.23218687490935
55,57,4.16207460628418
55,65,4.27452567666274
55,68,4.32258249550267
55,70,4.34009819233092
55,73,4.371370791046
55,76,4.4528133571972
55,77,4.46689812127885
55,79,4.47010917843572
55,81,4.47861150369493
55,82,4.47986555334803
55,91,4.63416345500463
55,105,4.72289803732107
56,87,4.53794363672606
56,90,4.60185234365929
56,102,4.68290696504337
57,63,4.23218687490935
57,65,4.27452567666274
57,68,4.32258249550267
57,69,4.32397806779977
57,82,4.47986555334803
57,86,4.5215416122731
59,63,4.23218687490935
59,89,4.60094340401343
60,62,4.22463240018793
60,88,4.5836220391565
61,65,4.27452567666274
61,67,4.30965813551773
61,73,4.371370791046
61,80,4.47333114832286
61,87,4.53794363672606
61,106,4.72376679982026
62,90,4.60185234365929
63,69,4.32397806779977
63,82,4.47986555334803
63,89,4.60094340401343
64,74,4.38037477182941
64,84,4.49045639345402
64,92,4.63936706513595
65,67,4.30965813551773
65,68,4.32258249550267
65,73,4.371370791046
65,79,4.47010917843572
65,80,4.47333114832286
65,86,4.5215416122731
65,105,4.72289803732107
65,106,4.72376679982026
66,88,4.5836220391565
66,94,4.6477383790452
66,97,4.66575993678396
67,73,4.371370791046
67,76,4.4528133571972
67,89,4.60094340401343
67,106,4.72376679982026
68,70,4.34009819233092
68,73,4.371370791046
68,79,4.47010917843572
68,82,4.47986555334803
68,86,4.5215416122731
68,93,4.64158923591023
68,105,4.72289803732107
69,75,4.41045224746729
69,86,4.52910193979977
70,77,4.46689812127885
70,79,4.47010917843572
70,81,4.47861150369493
70,82,4.47986555334803
70,83,4.48969363882862
70,91,4.63416345500463
70,93,4.64158923591023
70,100,4.680012962376
70,101,4.68143868914038
70,105,4.72289803732107
73,76,4.4528133571972
73,79,4.47010917843572
73,81,4.47861150369493
73,105,4.72289803732107
73,106,4.72376679982026
74,92,4.63936706513595
74,103,4.69502690316397
74,104,4.70695679516696
75,80,4.48239650596729
75,86,4.5215416122731
75,95,4.64823610178872
75,103,4.69502690316397
76,81,4.47861150369493
76,89,4.60094340401343
76,91,4.63416345500463
77,79,4.47010917843572
77,81,4.47861150369493
77,83,4.48969363882862
77,93,4.64158923591023
77,100,4.680012962376
77,101,4.68143868914038
77,105,4.72289803732107
77,107,4.73557735031626
79,81,4.60305673293571
79,93,4.64158923591023
79,101,4.68143868914038
79,105,4.72289803732107
80,86,4.5215416122731
80,95,4.64823610178872
80,106,4.72376679982026
81,91,4.63416345500463
81,100,4.680012962376
81,105,4.72289803732107
82,89,4.60094340401343
82,91,4.63416345500463
83,93,4.64158923591023
83,99,4.67773555574663
83,100,4.680012962376
83,101,4.68143868914038
83,107,4.73557735031626
84,85,4.4937147822546
85,96,4.6599306742931
85,104,4.70695679516696
87,102,4.68290696504337
88,97,4.66575993678396
89,91,4.69681777101343
90,102,4.68290696504337
91,100,4.680012962376
92,95,4.64823610178872
92,103,4.69502690316397
93,101,4.68143868914038
94,97,4.66575993678396
95,103,4.69502690316397
99,107,4.73557735031626
100,107,4.73557735031626
101,105,4.72289803732107
